111242968 111242971 0 M0039 0.245025884326253
111242968 111243434 0 M0039 0.103428265074114
111242968 111244436 0 M0039 0.282365641060595
111242968 111244501 0 M0039 0.025281760387578
111242968 111245734 0 M0039 0.0220689733808561
111242968 111246610 0 M0039 0.00339622521762081
111242968 111246832 0 M0039 0.0164671057723864
111242968 111246842 0 M0039 0.000541679521547644
111242968 111246976 0 M0039 0.301774415938812
111242968 111247193 0 M0039 0.142938286970931
111242968 111247281 0 M0039 0.0887337572707503
111242968 111247283 0 M0039 0.0797548088960044
111242968 111247436 0 M0039 0.263373807259696
111242968 111247977 0 M0039 0.000682520636390581
111242968 111248905 0 M0039 0.197785495140112
111242968 111249002 0 M0039 0.173606096184058
111242968 111250142 0 M0039 0.19857780790737
111242968 111251025 0 M0039 0.312375100545872
111242968 111251067 0 M0039 0.00141513670810612
111242968 111251607 0 M0039 0.0365951821736021
111242968 111251928 0 M0039 0.375613228879782
111242968 111252074 0 M0039 0.00742439469220151
111242968 111252625 0 M0039 0.666343707194043
111242968 111253633 0 M0039 0.00287633083894889
111242968 111254178 0 M0039 0.101107358933245
111242968 111254323 0 M0039 0.467289902598883
111242968 111254348 0 M0039 0.0313210833541013
111242968 111254578 0 M0039 0.623366801322688
111242968 111254762 0 M0039 0.0484408648974539
111242968 111255494 0 M0039 0.000979546855494896
111242971 111243434 0 M0039 0.0377736283112052
111242971 111244436 0 M0039 0.305795219155504
111242971 111244501 0 M0039 0.0940479146619599
111242971 111245734 0 M0039 0.06528826179113
111242971 111246610 0 M0039 0.00624792326673672
111242971 111246832 0 M0039 0.0318464744066448
111242971 111246842 0 M0039 0.000941146616101735
111242971 111246976 0 M0039 0.266552883777317
111242971 111247193 0 M0039 0.177982715233957
111242971 111247281 0 M0039 0.0792539015803241
111242971 111247283 0 M0039 0.0839360374049138
111242971 111247436 0 M0039 0.344346711562366
111242971 111247977 0 M0039 0.00463974297053915
111242971 111248905 0 M0039 0.106279227092298
111242971 111249002 0 M0039 0.33827690591949
111242971 111250142 0 M0039 0.114056754610239
111242971 111251025 0 M0039 0.100441824103443
111242971 111251067 0 M0039 0.0046819223554023
111242971 111251607 0 M0039 0.0538867300276864
111242971 111251928 0 M0039 0.404158032413134
111242971 111252074 0 M0039 0.0186937521795069
111242971 111252625 0 M0039 0.47815054010076
111242971 111253633 0 M0039 0.0259435033161564
111242971 111254178 0 M0039 0.143198088330418
111242971 111254323 0 M0039 0.31853355746019
111242971 111254348 0 M0039 0.0585668766628732
111242971 111254578 0 M0039 0.406196019942552
111242971 111254762 0 M0039 0.0664499763497693
111242971 111255494 0 M0039 0.00161386795328393
111243434 111244436 0 M0039 0.081906343876714
111243434 111244501 0 M0039 0.0461719279586264
111243434 111245734 0 M0039 0.0502189342851605
111243434 111246610 0 M0039 0.0018827776092931
111243434 111246832 0 M0039 0.0573676276900221
111243434 111246842 0 M0039 0.000654369187766062
111243434 111246976 0 M0039 0.0409440492070519
111243434 111247193 0 M0039 0.0691825742134999
111243434 111247281 0 M0039 0.0440616694875281
111243434 111247283 0 M0039 0.138211565751808
111243434 111247436 0 M0039 0.0337149155692517
111243434 111247977 0 M0039 0.00182828060922062
111243434 111248905 0 M0039 0.0400678373606581
111243434 111249002 0 M0039 0.0907302309065643
111243434 111250142 0 M0039 0.188029570499949
111243434 111251025 0 M0039 0.0169591821241032
111243434 111251067 0 M0039 0.00122976811029461
111243434 111251607 0 M0039 0.037150161125735
111243434 111251928 0 M0039 0.137529232749721
111243434 111252074 0 M0039 0.0345598646760589
111243434 111252625 0 M0039 0.084755308239261
111243434 111253633 0 M0039 0.00412450321579447
111243434 111254178 0 M0039 0.0241558552472011
111243434 111254323 0 M0039 0.106656482424083
111243434 111254348 0 M0039 0.0169926399420942
111243434 111254578 0 M0039 0.173641045912954
111243434 111254762 0 M0039 0.0703535504441212
111243434 111255494 0 M0039 0.00591613930245943
111244436 111244501 0 M0039 0.0822931653755189
111244436 111245734 0 M0039 0.207602392453483
111244436 111246610 0 M0039 0.0339941851161552
111244436 111246832 0 M0039 0.109393863383046
111244436 111246842 0 M0039 0.0356317140316193
111244436 111246976 0 M0039 0.487751928666004
111244436 111247193 0 M0039 0.617224631766466
111244436 111247281 0 M0039 0.472137941507317
111244436 111247283 0 M0039 0.322225532818152
111244436 111247436 0 M0039 0.225092834995761
111244436 111247977 0 M0039 0.0520764720895552
111244436 111248905 0 M0039 0.549460297738952
111244436 111249002 0 M0039 0.126575679704378
111244436 111250142 0 M0039 0.324608288748925
111244436 111251025 0 M0039 0.0709061843235117
111244436 111251067 0 M0039 0.108890092426088
111244436 111251607 0 M0039 0.158656853855841
111244436 111251928 0 M0039 0.626344928259334
111244436 111252074 0 M0039 0.104982360867519
111244436 111252625 0 M0039 0.365453798604861
111244436 111253633 0 M0039 0.0798329423681001
111244436 111254178 0 M0039 0.233718883938518
111244436 111254323 0 M0039 0.559734153446075
111244436 111254348 0 M0039 0.377701449355853
111244436 111254578 0 M0039 0.39421225231022
111244436 111254762 0 M0039 0.352385170111572
111244436 111255494 0 M0039 0.0496149912144666
111244501 111245734 0 M0039 0.0307880688409364
111244501 111246610 0 M0039 0.000451156810992377
111244501 111246832 0 M0039 0.0208845395299682
111244501 111246842 0 M0039 0.000253347063054399
111244501 111246976 0 M0039 0.0235091970113062
111244501 111247193 0 M0039 0.0650090460434544
111244501 111247281 0 M0039 0.028629053029772
111244501 111247283 0 M0039 0.0551193529782528
111244501 111247436 0 M0039 0.0365551348397381
111244501 111247977 0 M0039 0.00516361599811855
111244501 111248905 0 M0039 0.0272380246285975
111244501 111249002 0 M0039 0.346023639405914
111244501 111250142 0 M0039 0.0294865571570437
111244501 111251025 0 M0039 0.0077362061999943
111244501 111251067 0 M0039 0.00286540080993343
111244501 111251607 0 M0039 0.0116386139711199
111244501 111251928 0 M0039 0.13860649701139
111244501 111252074 0 M0039 0.0805848042354652
111244501 111252625 0 M0039 0.0424372512565274
111244501 111253633 0 M0039 0.0648907573759691
111244501 111254178 0 M0039 0.00617382902761551
111244501 111254323 0 M0039 0.140939125517964
111244501 111254348 0 M0039 0.0170227497605586
111244501 111254578 0 M0039 0.137837692379169
111244501 111254762 0 M0039 0.0210671122695746
111244501 111255494 0 M0039 0.0010816313780416
111245734 111246610 0 M0039 0.0773765878544416
111245734 111246832 0 M0039 0.378350675289729
111245734 111246842 0 M0039 0.0206625425838833
111245734 111246976 0 M0039 0.0558716168109953
111245734 111247193 0 M0039 0.128923504698961
111245734 111247281 0 M0039 0.192432440636057
111245734 111247283 0 M0039 0.403026022848252
111245734 111247436 0 M0039 0.049873878764293
111245734 111247977 0 M0039 0.0129920289543477
111245734 111248905 0 M0039 0.0471784723469159
111245734 111249002 0 M0039 0.0289269119503077
111245734 111250142 0 M0039 0.292881308651316
111245734 111251025 0 M0039 0.00587108660217356
111245734 111251067 0 M0039 0.0308752703929523
111245734 111251607 0 M0039 0.222036071954309
111245734 111251928 0 M0039 0.145851958309104
111245734 111252074 0 M0039 0.0409956031850072
111245734 111252625 0 M0039 0.0479739914812393
111245734 111253633 0 M0039 0.0135481268607291
111245734 111254178 0 M0039 0.225698530987727
111245734 111254323 0 M0039 0.0541455235261473
111245734 111254348 0 M0039 0.0775010033272521
111245734 111254578 0 M0039 0.0910152908867728
111245734 111254762 0 M0039 0.320626254090224
111245734 111255494 0 M0039 0.0901943272978393
111246610 111246832 0 M0039 0.0271569191830816
111246610 111246842 0 M0039 0.00931026993335887
111246610 111246976 0 M0039 0.0100675478892309
111246610 111247193 0 M0039 0.0189850217716779
111246610 111247281 0 M0039 0.0233089064164908
111246610 111247283 0 M0039 0.0621002398513022
111246610 111247436 0 M0039 0.0192262500919664
111246610 111247977 0 M0039 0.00263343536379447
111246610 111248905 0 M0039 0.0120827449271312
111246610 111249002 0 M0039 0.00104327246146895
111246610 111250142 0 M0039 0.0270725220369681
111246610 111251025 0 M0039 0.000627910011975159
111246610 111251067 0 M0039 0.00994771959061701
111246610 111251607 0 M0039 0.0107960569723769
111246610 111251928 0 M0039 0.0154106363662713
111246610 111252074 0 M0039 0.000775553066595705
111246610 111252625 0 M0039 0.00707325045301959
111246610 111253633 0 M0039 0.000912326914081469
111246610 111254178 0 M0039 0.0407089859016293
111246610 111254323 0 M0039 0.00569875592184133
111246610 111254348 0 M0039 0.0101800149719091
111246610 111254578 0 M0039 0.0066114398450807
111246610 111254762 0 M0039 0.0808290916990355
111246610 111255494 0 M0039 0.0500407436200679
111246832 111246842 0 M0039 0.0102583628214937
111246832 111246976 0 M0039 0.0284434312023452
111246832 111247193 0 M0039 0.109951584499146
111246832 111247281 0 M0039 0.124154206702691
111246832 111247283 0 M0039 0.341312974642852
111246832 111247436 0 M0039 0.0181228119076582
111246832 111247977 0 M0039 0.00931438014271365
111246832 111248905 0 M0039 0.0290273583807203
111246832 111249002 0 M0039 0.0142841611827476
111246832 111250142 0 M0039 0.263409420295331
111246832 111251025 0 M0039 0.00245483423157768
111246832 111251067 0 M0039 0.0154148442431114
111246832 111251607 0 M0039 0.14589596526598
111246832 111251928 0 M0039 0.0942422408694748
111246832 111252074 0 M0039 0.0191256925710124
111246832 111252625 0 M0039 0.0261812406208106
111246832 111253633 0 M0039 0.0100124979209531
111246832 111254178 0 M0039 0.129778257902751
111246832 111254323 0 M0039 0.0448776502217995
111246832 111254348 0 M0039 0.0437316310904928
111246832 111254578 0 M0039 0.0601836726115491
111246832 111254762 0 M0039 0.263213449517538
111246832 111255494 0 M0039 0.056230786238712
111246842 111246976 0 M0039 0.011005651105173
111246842 111247193 0 M0039 0.0697666620217814
111246842 111247281 0 M0039 0.0274218064406961
111246842 111247283 0 M0039 0.0360566066024364
111246842 111247436 0 M0039 0.0024628568862605
111246842 111247977 0 M0039 0.0822906859836851
111246842 111248905 0 M0039 0.0511029154634075
111246842 111249002 0 M0039 0.000102751027512133
111246842 111250142 0 M0039 0.0142893280469964
111246842 111251025 0 M0039 9.50352548986858e-05
111246842 111251067 0 M0039 0.362388590470429
111246842 111251607 0 M0039 0.0100492081703461
111246842 111251928 0 M0039 0.0130413684948029
111246842 111252074 0 M0039 0.0124871191967108
111246842 111252625 0 M0039 0.00132641303284174
111246842 111253633 0 M0039 0.00956489863862629
111246842 111254178 0 M0039 0.0156611453622023
111246842 111254323 0 M0039 0.00579181481700172
111246842 111254348 0 M0039 0.086800307173737
111246842 111254578 0 M0039 0.00151844213174338
111246842 111254762 0 M0039 0.150718107064173
111246842 111255494 0 M0039 0.113483552736423
111246976 111247193 0 M0039 0.26119724728904
111246976 111247281 0 M0039 0.272522282455076
111246976 111247283 0 M0039 0.151335593545023
111246976 111247436 0 M0039 0.209925218879848
111246976 111247977 0 M0039 0.00903967977428127
111246976 111248905 0 M0039 0.352709957485922
111246976 111249002 0 M0039 0.0918496224382159
111246976 111250142 0 M0039 0.230915579947808
111246976 111251025 0 M0039 0.135065780669399
111246976 111251067 0 M0039 0.0276246389064316
111246976 111251607 0 M0039 0.170153222875202
111246976 111251928 0 M0039 0.523871066328501
111246976 111252074 0 M0039 0.026676587687212
111246976 111252625 0 M0039 0.474112529967491
111246976 111253633 0 M0039 0.00727331245090118
111246976 111254178 0 M0039 0.303632267096969
111246976 111254323 0 M0039 0.289800189195165
111246976 111254348 0 M0039 0.10759261821238
111246976 111254578 0 M0039 0.307741414131567
111246976 111254762 0 M0039 0.155534791820448
111246976 111255494 0 M0039 0.010487608643414
111247193 111247281 0 M0039 0.404175293549026
111247193 111247283 0 M0039 0.267489135519952
111247193 111247436 0 M0039 0.0818079445953264
111247193 111247977 0 M0039 0.206842457228091
111247193 111248905 0 M0039 0.463667196596822
111247193 111249002 0 M0039 0.0541635335002589
111247193 111250142 0 M0039 0.215983519672698
111247193 111251025 0 M0039 0.0167921271638899
111247193 111251067 0 M0039 0.221322304468017
111247193 111251607 0 M0039 0.0573914784841381
111247193 111251928 0 M0039 0.421062080491987
111247193 111252074 0 M0039 0.118232627612397
111247193 111252625 0 M0039 0.182798813296027
111247193 111253633 0 M0039 0.196070572800266
111247193 111254178 0 M0039 0.126666529773363
111247193 111254323 0 M0039 0.529096985442089
111247193 111254348 0 M0039 0.522157068104048
111247193 111254578 0 M0039 0.229768794217058
111247193 111254762 0 M0039 0.451594918488389
111247193 111255494 0 M0039 0.0825521447082786
111247281 111247283 0 M0039 0.298997002071596
111247281 111247436 0 M0039 0.0698557557264865
111247281 111247977 0 M0039 0.0344887151922083
111247281 111248905 0 M0039 0.307544962054773
111247281 111249002 0 M0039 0.0243667504399665
111247281 111250142 0 M0039 0.274311542792535
111247281 111251025 0 M0039 0.00972679558351876
111247281 111251067 0 M0039 0.135042470620569
111247281 111251607 0 M0039 0.167666694683965
111247281 111251928 0 M0039 0.22201741912378
111247281 111252074 0 M0039 0.115248202456003
111247281 111252625 0 M0039 0.0985233165158314
111247281 111253633 0 M0039 0.0371569671671813
111247281 111254178 0 M0039 0.206279770914476
111247281 111254323 0 M0039 0.254307836976422
111247281 111254348 0 M0039 0.253440423984607
111247281 111254578 0 M0039 0.147709040607992
111247281 111254762 0 M0039 0.389913876697437
111247281 111255494 0 M0039 0.0586166749978715
111247283 111247436 0 M0039 0.11059249671505
111247283 111247977 0 M0039 0.0200441810014665
111247283 111248905 0 M0039 0.157043403879057
111247283 111249002 0 M0039 0.0593186995480783
111247283 111250142 0 M0039 0.487088810445263
111247283 111251025 0 M0039 0.0160896655561451
111247283 111251067 0 M0039 0.0621667161157696
111247283 111251607 0 M0039 0.239574036133293
111247283 111251928 0 M0039 0.287603154718433
111247283 111252074 0 M0039 0.0769306556310533
111247283 111252625 0 M0039 0.10523686949656
111247283 111253633 0 M0039 0.0198077558824816
111247283 111254178 0 M0039 0.324491206052337
111247283 111254323 0 M0039 0.162938189846369
111247283 111254348 0 M0039 0.100290467692555
111247283 111254578 0 M0039 0.2140718198434
111247283 111254762 0 M0039 0.56624771968163
111247283 111255494 0 M0039 0.0652512884939647
111247436 111247977 0 M0039 0.000643480169928872
111247436 111248905 0 M0039 0.104756663004406
111247436 111249002 0 M0039 0.242717620083897
111247436 111250142 0 M0039 0.118829218501983
111247436 111251025 0 M0039 0.151098321517434
111247436 111251067 0 M0039 0.00430200158791659
111247436 111251607 0 M0039 0.0449117095200353
111247436 111251928 0 M0039 0.25125526517979
111247436 111252074 0 M0039 0.00847702718029031
111247436 111252625 0 M0039 0.392359113824002
111247436 111253633 0 M0039 0.0029167902256805
111247436 111254178 0 M0039 0.203262120430481
111247436 111254323 0 M0039 0.185326473247901
111247436 111254348 0 M0039 0.0234329414205062
111247436 111254578 0 M0039 0.357769593093169
111247436 111254762 0 M0039 0.0909912146412513
111247436 111255494 0 M0039 0.000775287575063097
111247977 111248905 0 M0039 0.0390053697478314
111247977 111249002 0 M0039 0.000574317219864496
111247977 111250142 0 M0039 0.00398419193150478
111247977 111251025 0 M0039 6.02895057665011e-06
111247977 111251067 0 M0039 0.280933221874039
111247977 111251607 0 M0039 0.00215808689061994
111247977 111251928 0 M0039 0.0164463871827878
111247977 111252074 0 M0039 0.0768204569856589
111247977 111252625 0 M0039 0.00132063982202843
111247977 111253633 0 M0039 0.243793962871708
111247977 111254178 0 M0039 0.00284130888617493
111247977 111254323 0 M0039 0.0223020620651073
111247977 111254348 0 M0039 0.287244023793888
111247977 111254578 0 M0039 0.00207574227599115
111247977 111254762 0 M0039 0.0603389474778062
111247977 111255494 0 M0039 0.147067676222648
111248905 111249002 0 M0039 0.0359512562051807
111248905 111250142 0 M0039 0.205649048070393
111248905 111251025 0 M0039 0.0563342717874278
111248905 111251067 0 M0039 0.167998613098549
111248905 111251607 0 M0039 0.0336023001697999
111248905 111251928 0 M0039 0.395223464933682
111248905 111252074 0 M0039 0.0415874381580818
111248905 111252625 0 M0039 0.220004277794715
111248905 111253633 0 M0039 0.062269097875197
111248905 111254178 0 M0039 0.0956122807155462
111248905 111254323 0 M0039 0.475446348015372
111248905 111254348 0 M0039 0.228084195913239
111248905 111254578 0 M0039 0.224999781825012
111248905 111254762 0 M0039 0.232949888475764
111248905 111255494 0 M0039 0.0274302584845768
111249002 111250142 0 M0039 0.066203912313339
111249002 111251025 0 M0039 0.0825008664457481
111249002 111251067 0 M0039 0.000512824450341415
111249002 111251607 0 M0039 0.026399460057871
111249002 111251928 0 M0039 0.253642118961875
111249002 111252074 0 M0039 0.0297509935035967
111249002 111252625 0 M0039 0.246398647543909
111249002 111253633 0 M0039 0.0108229910939063
111249002 111254178 0 M0039 0.0358218628675389
111249002 111254323 0 M0039 0.214252368578998
111249002 111254348 0 M0039 0.013807738057736
111249002 111254578 0 M0039 0.358677485424108
111249002 111254762 0 M0039 0.0193438652410979
111249002 111255494 0 M0039 0.000266785111824243
111250142 111251025 0 M0039 0.0544608133506991
111250142 111251067 0 M0039 0.0234652343495433
111250142 111251607 0 M0039 0.21289328416095
111250142 111251928 0 M0039 0.357264991021159
111250142 111252074 0 M0039 0.0224924656625156
111250142 111252625 0 M0039 0.225863628060497
111250142 111253633 0 M0039 0.00683877865264442
111250142 111254178 0 M0039 0.311269880208748
111250142 111254323 0 M0039 0.226408208002585
111250142 111254348 0 M0039 0.059726582363401
111250142 111254578 0 M0039 0.318423745284346
111250142 111254762 0 M0039 0.37735000431134
111250142 111255494 0 M0039 0.022843922420865
111251025 111251067 0 M0039 8.29630166816995e-05
111251025 111251607 0 M0039 0.0202980119000332
111251025 111251928 0 M0039 0.235017144578889
111251025 111252074 0 M0039 0.000421489312477528
111251025 111252625 0 M0039 0.498220626696506
111251025 111253633 0 M0039 6.57056368375341e-05
111251025 111254178 0 M0039 0.0460364185579977
111251025 111254323 0 M0039 0.0913715667256332
111251025 111254348 0 M0039 0.00300399168795914
111251025 111254578 0 M0039 0.349802297930468
111251025 111254762 0 M0039 0.0077123365961214
111251025 111255494 0 M0039 1.72500035401613e-05
111251067 111251607 0 M0039 0.007603558640045
111251067 111251928 0 M0039 0.0270392045839208
111251067 111252074 0 M0039 0.0520756442465089
111251067 111252625 0 M0039 0.00308107503448501
111251067 111253633 0 M0039 0.127160826723426
111251067 111254178 0 M0039 0.0204280365095671
111251067 111254323 0 M0039 0.0355449885262446
111251067 111254348 0 M0039 0.280646824214796
111251067 111254578 0 M0039 0.00466634443113246
111251067 111254762 0 M0039 0.204691954722984
111251067 111255494 0 M0039 0.10281855513368
111251607 111251928 0 M0039 0.165079057482325
111251607 111252074 0 M0039 0.0436576344476536
111251607 111252625 0 M0039 0.0710182180071209
111251607 111253633 0 M0039 0.000745324285093824
111251607 111254178 0 M0039 0.217308983526543
111251607 111254323 0 M0039 0.0318355814952631
111251607 111254348 0 M0039 0.031239348435035
111251607 111254578 0 M0039 0.084017045699763
111251607 111254762 0 M0039 0.131083909639517
111251607 111255494 0 M0039 0.0216357298172635
111251928 111252074 0 M0039 0.0515522555296335
111251928 111252625 0 M0039 0.6519988088351
111251928 111253633 0 M0039 0.0251737071677801
111251928 111254178 0 M0039 0.228362658258351
111251928 111254323 0 M0039 0.500082125638405
111251928 111254348 0 M0039 0.137446175787883
111251928 111254578 0 M0039 0.657119730708631
111251928 111254762 0 M0039 0.23839402514494
111251928 111255494 0 M0039 0.0162009571001722
111252074 111252625 0 M0039 0.00731386055980549
111252074 111253633 0 M0039 0.102223624599705
111252074 111254178 0 M0039 0.00852408223605485
111252074 111254323 0 M0039 0.0704066089199614
111252074 111254348 0 M0039 0.215441474686097
111252074 111254578 0 M0039 0.0265055514138213
111252074 111254762 0 M0039 0.0502228684711377
111252074 111255494 0 M0039 0.0357939725968112
111252625 111253633 0 M0039 0.00385908928070868
111252625 111254178 0 M0039 0.204015230153557
111252625 111254323 0 M0039 0.397118585068643
111252625 111254348 0 M0039 0.0408319493585358
111252625 111254578 0 M0039 0.73013130783756
111252625 111254762 0 M0039 0.0845847044336999
111252625 111255494 0 M0039 0.00116832522992943
111253633 111254178 0 M0039 0.00161060158779266
111253633 111254323 0 M0039 0.111120141945051
111253633 111254348 0 M0039 0.224309063740779
111253633 111254578 0 M0039 0.0121844342715384
111253633 111254762 0 M0039 0.0321382995092263
111253633 111255494 0 M0039 0.0199258287899659
111254178 111254323 0 M0039 0.0823878755640582
111254178 111254348 0 M0039 0.0524657225153926
111254178 111254578 0 M0039 0.171875830052394
111254178 111254762 0 M0039 0.293024397215665
111254178 111255494 0 M0039 0.0138547493422996
111254323 111254348 0 M0039 0.211209930972612
111254323 111254578 0 M0039 0.557230323827258
111254323 111254762 0 M0039 0.150368333658133
111254323 111255494 0 M0039 0.00863513715262841
111254348 111254578 0 M0039 0.0520189880766695
111254348 111254762 0 M0039 0.202879118995481
111254348 111255494 0 M0039 0.122526214984656
111254578 111254762 0 M0039 0.11814075726074
111254578 111255494 0 M0039 0.00200710497099161
111254762 111255494 0 M0039 0.114565903918325
